vesselCount = 1
UT = 526211.75809838111
gameMode = CAREER
gameNull = False
gameCompatible = True
funds = 466841.49961931631
science = 32
reputationPercent = 8
ongoingContracts = 1
missionCurrentScore = 0
missionIsStarted = False
missionIsEnded = False
missionHistoryId = 00000000-0000-0000-0000-000000000000
missionExpansionVersion = 
saveMD5 = 5c3e51a61d5c3c579a4425de6e1c69d6
