vesselCount = 1
UT = 583180.0925854136
gameMode = CAREER
gameNull = False
gameCompatible = True
funds = 138155.28096227243
science = 15
reputationPercent = 9
ongoingContracts = 2
missionCurrentScore = 0
missionIsStarted = False
missionIsEnded = False
missionHistoryId = 00000000-0000-0000-0000-000000000000
missionExpansionVersion = 
saveMD5 = 148b3ca3abffca7cb34920e8a7f46974
