vesselCount = 1
UT = 25620.927465897679
gameMode = CAREER
gameNull = False
gameCompatible = True
funds = 219974.59355242175
science = 13
reputationPercent = 5
ongoingContracts = 2
missionCurrentScore = 0
missionIsStarted = False
missionIsEnded = False
missionHistoryId = 00000000-0000-0000-0000-000000000000
missionExpansionVersion = 
saveMD5 = 0d9dc975ed1ef436f81048e2968c28e2
