vesselCount = 1
UT = 601188.11795668595
gameMode = CAREER
gameNull = False
gameCompatible = True
funds = 141415.28193883493
science = 15
reputationPercent = 9
ongoingContracts = 2
missionCurrentScore = 0
missionIsStarted = False
missionIsEnded = False
missionHistoryId = 00000000-0000-0000-0000-000000000000
missionExpansionVersion = 
saveMD5 = 813d26add0efddebe1f8dad2a4145338
