vesselCount = 1
UT = 1506815.1143612608
gameMode = CAREER
gameNull = False
gameCompatible = True
funds = 356790.31121455005
science = 88
reputationPercent = 10
ongoingContracts = 1
missionCurrentScore = 0
missionIsStarted = False
missionIsEnded = False
missionHistoryId = 00000000-0000-0000-0000-000000000000
missionExpansionVersion = 
saveMD5 = 1898c3a1e35d81791eb71bc9f74563b0
