vesselCount = 1
UT = 22967.148149471148
gameMode = CAREER
gameNull = False
gameCompatible = True
funds = 223745.3340299837
science = 57
reputationPercent = 5
ongoingContracts = 2
missionCurrentScore = 0
missionIsStarted = False
missionIsEnded = False
missionHistoryId = 00000000-0000-0000-0000-000000000000
missionExpansionVersion = 
saveMD5 = 877f8fa85ac987e54b23210d6172dd29
