vesselCount = 0
UT = 305.96000000001169
gameMode = CAREER
gameNull = False
gameCompatible = True
funds = 32510.239988327026
science = 15
reputationPercent = 1
ongoingContracts = 0
missionCurrentScore = 0
missionIsStarted = False
missionIsEnded = False
missionHistoryId = 00000000-0000-0000-0000-000000000000
missionExpansionVersion = 
saveMD5 = 9ec5cec0f087ddf21c2777a0f2e000d9
