vesselCount = 1
UT = 1473234.7587360025
gameMode = CAREER
gameNull = False
gameCompatible = True
funds = 356790.31121455005
science = 88
reputationPercent = 10
ongoingContracts = 1
missionCurrentScore = 0
missionIsStarted = False
missionIsEnded = False
missionHistoryId = 00000000-0000-0000-0000-000000000000
missionExpansionVersion = 
saveMD5 = 231a42d6406b73c2e35fd0e364681f4c
