vesselCount = 1
UT = 1507074.4072715922
gameMode = CAREER
gameNull = False
gameCompatible = True
funds = 34795.00711069908
science = 88
reputationPercent = 11
ongoingContracts = 0
missionCurrentScore = 0
missionIsStarted = False
missionIsEnded = False
missionHistoryId = 00000000-0000-0000-0000-000000000000
missionExpansionVersion = 
saveMD5 = 19e620bcca6d6bec8e9349a43117fdfe
