vesselCount = 1
UT = 1222551.5881202263
gameMode = CAREER
gameNull = False
gameCompatible = True
funds = 258436.98364172754
science = 0
reputationPercent = 9
ongoingContracts = 0
missionCurrentScore = 0
missionIsStarted = False
missionIsEnded = False
missionHistoryId = 00000000-0000-0000-0000-000000000000
missionExpansionVersion = 
saveMD5 = 8afff624acdd461a3f5c704e5e6c1f41
