vesselCount = 1
UT = 895082.25618659169
gameMode = CAREER
gameNull = False
gameCompatible = True
funds = 258436.98364172754
science = 0
reputationPercent = 9
ongoingContracts = 0
missionCurrentScore = 0
missionIsStarted = False
missionIsEnded = False
missionHistoryId = 00000000-0000-0000-0000-000000000000
missionExpansionVersion = 
saveMD5 = 315bdb4e6a7ab919227a8f3ce3b801ae
